0000000000000001000000000000000000010011111111111111110001
0000000000000000000000000000000000110011111111111111110001
0000000000000000110000000000000000100100000000000000110010
0000000000000000010100000000000000110011111111111111110001
0000000000000000000000000000000000000000000000000000000000
0000000000000000000000000000000011110100000000000000100000
0000000000000000100100000000000000110100000000000001000011
0000000000000000000000000000000000000000000000000000000000
0000000000000000000000000000000000110100000000000001010001
0000000000000000000000000000000000000000000000000000000001
0000000000000000000000000000000001010100000000000000100001
0000000000000000100100000000000001010000000000000000000011
0000000000000001010100000000000001000100000000000001010011
0000000000000001010100000000000000110011111111111111110001
0000000000000001000000000000000000100100000000000001000010
0000000000000001000000000000000000010011111111111111110001
0000000000000000010000000000000000100011111111111111110001
0000000000000001100000000000000001110011111111111111110001
0000000000000000110000000000000000110011111111111111110001